# Electrodes
NumberPositions=  0
UnitPosition mm
Positions
Nasion
19.129242 76.277588 -100.283936
Tip
-10.021301 97.692444 -99.086121
LeftEar
-20.938965 -26.394806 -116.349365
RightEar
46.128998 56.068604 -199.028687
S1
32.975403 19.030975 -46.631592
S2
29.965454 -4.840149 -49.127502
S3
28.443542 -27.186935 -56.257019
S4
25.928467 -47.664566 -66.119629
S5
87.716553 88.173920 -111.801208
S6
99.239777 81.868591 -131.073608
S7
108.681122 71.100220 -152.288208
S8
120.208466 59.913406 -167.018921
D1
60.856842 29.698181 -45.112488
D2
59.692627 4.118927 -40.804565
D3
57.596130 -19.206055 -44.473511
D4
61.850555 -42.391541 -53.743286
D5
7.963501 4.264130 -60.266785
D6
8.064636 -10.490601 -67.277466
D7
5.248413 -31.825073 -74.875305
D8
7.882935 -51.862335 -86.633606
D9
95.032745 72.073914 -84.805115
D10
111.270569 70.940002 -105.812683
D11
125.673340 66.340134 -122.272095
D12
133.299652 56.901367 -142.909302
D13
73.968781 93.422607 -137.163879
D14
81.980316 84.798279 -158.253235
D15
86.475311 71.152557 -178.162598
D16
99.374420 55.193253 -191.509094
PtTRS
23.468872 23.097778 -65.222900
